BANP 202204030030     1007.2412       14.982162   2606.309814   2280.100098   2297.846924    308.462891     13.320000       0.15856     48.910740      2.112056      0.000000
BANP 202204030100     1007.0174       14.905596   2570.600098   2280.100098   2297.336426    273.263672     14.090000       0.15853     43.321613      2.233746      0.000000
BANP 202204030130     1006.7191       14.894503   2597.040039   2280.100098   2296.655518    300.384521     13.800000       0.15853     47.619938      2.187713      0.000000
BANP 202204030200     1006.4207       14.883409   2591.880127   2280.100098   2295.975098    295.905029     15.960000       0.15853     46.908581      2.530072      0.000000
BANP 202204030230     1006.2260       14.845781   2598.310059   2280.100098   2295.530762    302.779297     15.520000       0.15851     47.994057      2.460101      0.000000
BANP 202204030300     1006.0311       14.808153   2607.000000   2280.000000   2295.086182    311.913818     14.920000       0.15850     49.437592      2.364784      0.000000
BANP 202204030330     1005.9398       14.729290   2637.500000   2280.000000   2294.877930    342.622070     13.920000       0.15847     54.294647      2.205875      0.000000
BANP 202204030400     1005.8484       14.650427   2567.339844   2280.000000   2294.669434    272.670410     13.200000       0.15844     43.201488      2.091388      0.250000
BANP 202204030430     1005.8481       14.640116   2558.100098   2280.000000   2294.668701    263.431396     17.730000       0.15843     41.736656      2.809046      0.250000
BANP 202204030500     1005.8479       14.629804   2548.949951   2280.000000   2294.668213    254.281738     30.990002       0.15843     40.286045      4.909769      0.000000
BANP 202204030600     1006.1271       14.522500   2748.939941   2280.000000   2295.305176    453.634766     27.140001       0.15839     71.851456      4.298720      0.000000
BANP 202204030630     1006.4498       14.566538   2684.789795   2280.000000   2296.041504    388.748291     26.740000       0.15841     61.580467      4.235805      0.000000
BANP 202204030700     1006.7726       14.610577   2637.300049   2280.000000   2296.777832    340.522217     15.080000       0.15842     53.946739      2.389027      0.000000
BANP 202204030730     1007.1846       14.713457   2621.560059   2280.000000   2297.717773    323.842285     13.100000       0.15846     51.316734      2.075854      0.000000
BANP 202204030800     1007.5967       14.816337   2556.430176   2280.000000   2298.657959    257.772217     18.519999       0.15850     40.857067      2.935432      0.000000
BANP 202204030830     1007.7736       15.107548   2556.420166   2280.000000   2299.061279    257.358887     24.040001       0.15861     40.819637      3.812979      0.000000
BANP 202204030900     1007.9504       15.398759   2556.400146   2280.000000   2299.464844    256.935303     59.180000       0.15872     40.780487      9.392984      0.000000
BANP 202204030930     1007.9716       15.819855   2539.040039   2280.000000   2299.512939    239.527100     15.010000       0.15888     38.055271      2.384739      0.000000
BANP 202204031000     1007.9927       16.240950   2591.710205   2280.000000   2299.561279    292.148926     15.549999       0.15903     46.461742      2.472986      0.000000
BANP 202204031030     1008.1542       16.251724   2583.979980   2280.000000   2299.929688    284.050293     14.180000       0.15904     45.174931      2.255166      0.000000
BANP 202204031100     1008.3157       16.262499   2575.870117   2280.000000   2300.298096    275.572021     19.110001       0.15904     43.827671      3.039303      0.000000
BANP 202204031200     1007.8581       16.722746   2445.750000   2280.000000   2299.254150    146.495850     23.369999       0.15921     23.324331      3.720854      0.000000
BANP 202204031230     1007.5247       17.120537   2541.899902   2280.000000   2298.493408    243.406494     13.969999       0.15936     38.790234      2.226315      0.000000
BANP 202204031300     1007.1913       17.518330   2488.939941   2280.000000   2297.732910    191.207031     18.650002       0.15951     30.500013      2.974918      0.000000
BANP 202204031330     1006.9526       18.097008   2673.609863   2279.900146   2297.188477    376.421387     26.660002       0.15973     60.125717      4.258397      0.000000
BANP 202204031400     1006.7140       18.675688   2507.750000   2279.900146   2296.644043    211.105957     16.469999       0.15995     33.765678      2.634320      0.000000
BANP 202204031430     1006.3947       19.125450   2489.659912   2279.900146   2295.915527    193.744385     16.330000       0.16012     31.021397      2.614679      0.000000
BANP 202204031500     1006.0753       19.575211   2504.659912   2279.900146   2295.187012    209.472900     18.619999       0.16028     33.575058      2.984479      0.000000
BANP 202204031530     1006.0709       19.324902   2514.699951   2279.900146   2295.177002    219.522949     17.440001       0.16019     35.165329      2.793710      0.000000
BANP 202204031600     1006.0667       19.074594   2519.520020   2279.900146   2295.167236    224.352783     13.700000       0.16010     35.917980      2.193315      0.000000
BANP 202204031630     1006.1899       18.699387   2524.660156   2279.900146   2295.448486    229.211670     12.559999       0.15996     36.663658      2.009040      0.000000
BANP 202204031700     1006.3132       18.324179   2472.520020   2279.900146   2295.729980    176.790039     17.060001       0.15981     28.253685      2.726443      0.000000
BANP 202204031730     1006.4891       18.135044   2511.179932   2279.900146   2296.131104    215.048828     10.380000       0.15974     34.352772      1.658143      0.000000
BANP 202204031800     1006.6650       17.945910   2538.340088   2279.900146   2296.532471    241.807617     14.730000       0.15967     38.610195      2.351986      0.000000
BANP 202204031830     1006.7776       17.848534   2474.000000   2279.900146   2296.789062    177.210938     13.120000       0.15964     28.289377      2.094434      0.000000
BANP 202204031900     1006.8902       17.751160   2521.869873   2279.900146   2297.046143    224.823730     16.389999       0.15960     35.881924      2.615848      0.000000
BANP 202204031930     1007.2382       17.691933   2514.699951   2279.900146   2297.840088    216.859863     12.520000       0.15958     34.606075      1.997917      0.000000
BANP 202204032000     1007.5861       17.632704   2516.010010   2279.900146   2298.633789    217.376221     11.650000       0.15956     34.683655      1.858826      0.000000
BANP 202204032030     1007.7413       17.535667   2490.739990   2279.900146   2298.987793    191.752197     12.520000       0.15952     30.588217      1.997184      0.000000
BANP 202204032100     1007.8965       17.438633   2507.299805   2279.900146   2299.341797    207.958008     17.920000       0.15948     33.165798      2.857938      0.000000
BANP 202204032130     1007.9278       17.230980   2500.279785   2279.900146   2299.413086    200.866699     13.490000       0.15941     32.019230      2.150378      0.000000
BANP 202204032200     1007.9590       17.023329   2498.330078   2279.900146   2299.484375    198.845703     13.880000       0.15933     31.681601      2.211467      0.000000
BANP 202204032230     1008.0701       16.670734   2481.349854   2279.900146   2299.737793    181.612061     12.220000       0.15920     28.911819      1.945369      0.000000
BANP 202204032300     1008.1811       16.318138   2460.969971   2279.900146   2299.990967    160.979004     13.010000       0.15906     25.605864      2.069415      0.000000
BANP 202204032330     1008.0845       15.979220   2467.449951   2279.900146   2299.770752    167.679199     14.390000       0.15894     26.650324      2.287095      0.000000
BANP 202204040000     1007.9879       15.640303   2497.380127   2279.900146   2299.550293    197.829834     16.459999       0.15881     31.417234      2.614002      0.000000
