HRGN 202201010100      999.2322       14.644632   2440.679932   2251.399902   2279.527100    161.152832      2.400000       0.15844     25.532461      0.380247      0.000000
HRGN 202201010130      998.9502       14.501215   2438.159912   2251.399902   2278.883789    159.276123      2.450000       0.15838     25.226564      0.388037      0.000000
HRGN 202201010200      998.6682       14.357799   2445.969971   2251.399902   2278.240479    167.729492      1.960000       0.15833     26.556414      0.310324      0.000000
HRGN 202201010230      998.5370       14.268135   2439.500000   2251.399902   2277.941162    161.558838      2.050000       0.15830     25.573996      0.324505      0.000000
HRGN 202201010300      998.4059       14.178472   2438.869873   2251.399902   2277.642090    161.227783      2.930000       0.15826     25.516172      0.463707      0.000000
HRGN 202201010330      998.1929       14.006488   2438.199951   2251.500000   2277.156250    161.043701      2.940000       0.15820     25.476664      0.465100      0.000000
HRGN 202201010400      997.9799       13.834504   2445.319824   2251.500000   2276.670166    168.649658      2.240000       0.15813     26.669033      0.354217      0.000000
HRGN 202201010430      997.9868       13.718577   2448.869873   2251.500000   2276.685791    172.184082      3.130000       0.15809     27.220457      0.494819      0.000000
HRGN 202201010500      997.9937       13.602651   2444.699951   2251.500000   2276.701660    167.998291      2.610000       0.15805     26.551435      0.412500      0.000000
HRGN 202201010530      998.2476       13.559154   2450.270020   2251.500000   2277.281006    172.989014      1.990000       0.15803     27.337376      0.314479      0.000000
HRGN 202201010600      998.5016       13.515656   2452.369873   2251.500000   2277.860352    174.509521      2.400000       0.15801     27.574816      0.379232      0.000000
HRGN 202201010630      998.7761       13.466370   2449.909912   2251.500000   2278.486816    171.423096      2.110000       0.15799     27.083954      0.333369      0.000000
HRGN 202201010700      999.0507       13.417084   2449.909912   2251.500000   2279.113037    170.796875      2.080000       0.15798     26.981859      0.328591      0.000000
HRGN 202201010730      999.2203       13.892418   2448.339844   2251.500000   2279.500000    168.839844      1.850000       0.15815     26.702772      0.292586      0.000000
HRGN 202201010800      999.3900       14.367753   2444.920166   2251.500000   2279.886963    165.033203      2.030000       0.15833     26.130133      0.321415      0.000000
HRGN 202201010830      999.5322       15.138302   2441.260010   2251.500000   2280.211670    161.048340      2.410000       0.15862     25.545698      0.382277      0.000000
HRGN 202201010900      999.6745       15.908850   2442.709961   2251.500000   2280.536133    162.173828      2.140000       0.15891     25.771044      0.340067      0.000000
HRGN 202201010930      999.6142       17.183151   2436.569824   2251.500000   2280.398438    156.171387      2.140000       0.15939     24.891758      0.341089      0.000000
HRGN 202201011000      999.5539       18.457455   2441.360107   2251.500000   2280.260986    161.099121      2.000000       0.15986     25.754084      0.319730      0.000000
HRGN 202201011030      999.1849       19.696491   2439.709961   2251.500000   2279.419189    160.290771      2.070000       0.16033     25.699255      0.331881      0.000000
HRGN 202201011100      998.8159       20.935528   2431.500000   2251.500000   2278.577393    152.922607      2.060000       0.16079     24.588890      0.331234      0.000000
HRGN 202201011130      998.2782       20.889324   2434.400146   2251.500000   2277.350830    157.049316      2.280000       0.16078     25.249720      0.366569      0.000000
HRGN 202201011200      997.7405       20.843121   2437.599854   2251.500000   2276.124268    161.475586      2.220000       0.16076     25.958565      0.356884      0.000000
HRGN 202201011230      997.2139       20.434280   2434.639893   2251.500000   2274.922607    159.717285      2.270000       0.16061     25.651445      0.364574      0.000000
HRGN 202201011300      996.6873       20.025440   2441.719971   2251.500000   2273.721436    167.998535      2.620000       0.16045     26.955730      0.420385      0.000000
HRGN 202201011330      996.3998       20.136181   2436.729980   2251.500000   2273.065430    163.664551      2.000000       0.16049     26.267120      0.320987      0.000000
HRGN 202201011400      996.1124       20.246923   2436.660156   2251.500000   2272.409912    164.250244      2.190000       0.16054     26.367935      0.351572      0.000000
HRGN 202201011430      996.0969       19.847523   2433.569824   2251.500000   2272.374756    161.195068      2.170000       0.16039     25.853359      0.348037      0.000000
HRGN 202201011500      996.0815       19.448120   2435.300049   2251.500000   2272.339600    162.960449      2.240000       0.16024     26.112120      0.358928      0.000000
HRGN 202201011530      996.0920       19.160507   2440.969971   2251.500000   2272.363281    168.606689      2.260000       0.16013     26.998684      0.361890      0.000000
HRGN 202201011600      996.1024       18.872894   2435.820068   2251.500000   2272.387207    163.432861      2.030000       0.16002     26.152603      0.324842      0.000000
HRGN 202201011630      996.3834       18.452433   2450.010010   2251.500000   2273.028320    176.981689      2.150000       0.15986     28.292818      0.343705      0.000000
HRGN 202201011700      996.6645       18.031971   2442.120117   2251.500000   2273.669434    168.450684      2.150000       0.15971     26.902493      0.343367      0.000000
HRGN 202201011730      996.9150       17.816330   2441.580078   2251.500000   2274.240967    167.339111      2.260000       0.15962     26.711449      0.360752      0.000000
HRGN 202201011800      997.1655       17.600689   2443.750000   2251.500000   2274.812500    168.937500      2.180000       0.15954     26.952942      0.347806      0.000000
HRGN 202201011830      997.3931       17.395287   2430.239990   2251.500000   2275.331543    154.908447      2.430000       0.15947     24.702772      0.387505      0.000000
HRGN 202201011900      997.6207       17.189884   2429.290039   2251.500000   2275.850830    153.439209      2.720000       0.15939     24.456671      0.433541      0.000000
HRGN 202201011930      997.7612       17.127960   2431.950195   2251.500000   2276.171387    155.778809      1.920000       0.15937     24.825968      0.305984      0.000000
HRGN 202201012000      997.9019       17.066036   2424.860107   2251.500000   2276.492188    148.367920      2.670000       0.15934     23.641472      0.425447      0.000000
HRGN 202201012030      997.8726       16.907024   2435.030029   2251.500000   2276.425537    158.604492      2.400000       0.15928     25.263157      0.382282      0.000000
HRGN 202201012100      997.8433       16.748014   2421.279785   2251.500000   2276.358643    144.921143      3.720000       0.15922     23.074987      0.592315      0.000000
HRGN 202201012130      997.7498       16.624830   2433.710205   2251.500000   2276.145264    157.564941      2.300000       0.15918     25.080914      0.366110      0.000000
HRGN 202201012200      997.6563       16.501646   2438.620117   2251.500000   2275.932129    162.687988      2.950000       0.15913     25.888884      0.469440      0.000000
HRGN 202201012230      997.5669       16.459490   2430.969971   2251.500000   2275.728027    155.241943      2.200000       0.15912     24.701529      0.350056      0.000000
HRGN 202201012300      997.4775       16.417334   2439.270020   2251.500000   2275.524170    163.745850      2.330000       0.15910     26.052052      0.370704      0.000000
HRGN 202201012330      997.3724       16.364746   2434.010010   2251.500000   2275.284180    158.725830      2.350000       0.15908     25.250240      0.373840      0.000000
HRGN 202201020000      997.2673       16.312160   2428.010010   2251.500000   2275.044434    152.965576      3.620000       0.15906     24.330877      0.575801      0.500000
