HSUE 202201010100      751.9567        3.843221   1746.500000   1685.600098   1716.479614     30.020386      5.230000       0.15439      4.634762      0.807445      0.000000
HSUE 202201010130      751.8918        3.937598   1717.300049   1685.600098   1716.331543      0.968506      4.770000       0.15442      0.149559      0.736595      0.000000
HSUE 202201010200      751.8269        4.031975   1721.119995   1685.600098   1716.183228      4.936768      3.850000       0.15446      0.762523      0.594663      0.000000
HSUE 202201010230      751.8434        3.845401   1718.650024   1685.600098   1716.220947      2.429077      3.390000       0.15439      0.375020      0.523375      0.000000
HSUE 202201010300      751.8599        3.658827   1730.909912   1685.600098   1716.258667     14.651245      4.890000       0.15432      2.260951      0.754615      0.000000
HSUE 202201010330      751.8362        3.795087   1727.510010   1685.600098   1716.204590     11.305420      4.030000       0.15437      1.745207      0.622107      0.000000
HSUE 202201010400      751.8126        3.931347   1738.150024   1685.600098   1716.150513     21.999512      4.100000       0.15442      3.397169      0.633123      0.000000
HSUE 202201010430      751.8260        4.192582   1715.880005   1685.600098   1716.181274     -0.301270      6.190000       0.15452     -0.046552      0.956467      0.000000
HSUE 202201010500      751.8395        4.453817   1718.869995   1685.600098   1716.212036      2.657959      3.900000       0.15462      0.410963      0.603003      0.000000
HSUE 202201010530      752.0659        4.399809   1730.550049   1685.600098   1716.728882     13.821167      3.180000       0.15460      2.136695      0.491615      0.000000
HSUE 202201010600      752.2924        4.345800   1725.140015   1685.600098   1717.245972      7.894043      4.020000       0.15458      1.220227      0.621394      0.000000
HSUE 202201010630      752.4928        4.529580   1738.019897   1685.600098   1717.703369     20.316528      3.750000       0.15464      3.141840      0.579917      0.000000
HSUE 202201010700      752.6932        4.713359   1718.239990   1685.600098   1718.160767      0.079224      4.010000       0.15471      0.012257      0.620401      0.000000
HSUE 202201010730      752.9261        5.127279   1720.839966   1685.600098   1718.692505      2.147461      3.720000       0.15487      0.332574      0.576111      0.000000
HSUE 202201010800      753.1592        5.541200   1709.869995   1685.600098   1719.224487     -9.354492      3.500000       0.15502     -1.450170      0.542584      0.000000
HSUE 202201010830      753.3776        6.218708   1716.150024   1685.600098   1719.723145     -3.573120      3.780000       0.15528     -0.554827      0.586951      0.000000
HSUE 202201010900      753.5961        6.896217   1706.750000   1685.600098   1720.221802    -13.471802      3.660000       0.15553     -2.095296      0.569247      0.000000
HSUE 202201010930      753.7281        6.126123   1731.549927   1685.600098   1720.523193     11.026733      3.730000       0.15524      1.711826      0.579057      0.000000
HSUE 202201011000      753.8602        5.356030   1715.489990   1685.600098   1720.824829     -5.334839      2.850000       0.15495     -0.826657      0.441620      0.000000
HSUE 202201011030      753.6773        5.406447   1730.469971   1685.600098   1720.407104     10.062866      3.250000       0.15497      1.559476      0.503663      0.000000
HSUE 202201011100      753.4944        5.456864   1713.449951   1685.700073   1719.989624     -6.539673      3.130000       0.15499     -1.013599      0.485126      0.000000
HSUE 202201011130      753.1931        5.908099   1713.680054   1685.700073   1719.301758     -5.621704      3.840000       0.15516     -0.872272      0.595820      0.000000
HSUE 202201011200      752.8917        6.359334   1709.270020   1685.700073   1718.613892     -9.343872      5.330000       0.15533     -1.451390      0.827912      0.000000
HSUE 202201011230      752.5542        6.337545   1724.599976   1685.700073   1717.843506      6.756470      3.860000       0.15532      1.049432      0.599545      0.000000
HSUE 202201011300      752.2167        6.315756   1731.469971   1685.700073   1717.073120     14.396851      4.780000       0.15531      2.236037      0.742403      0.000000
HSUE 202201011330      751.9899        6.541273   1717.160034   1685.700073   1716.555420      0.604614      3.890000       0.15540      0.093956      0.604502      0.000000
HSUE 202201011400      751.7631        6.766791   1716.779907   1685.700073   1716.037720      0.742188      3.260000       0.15548      0.115398      0.506876      0.000000
HSUE 202201011430      751.7300        6.592455   1709.369995   1685.700073   1715.962158     -6.592163      3.150000       0.15542     -1.024541      0.489567      0.000000
HSUE 202201011500      751.6968        6.418118   1704.130005   1685.700073   1715.886230    -11.756226      3.870000       0.15535     -1.826362      0.601215      0.000000
HSUE 202201011530      751.8140        5.564739   1693.189941   1685.700073   1716.153931    -22.963989      6.690000       0.15503     -3.560169      1.037169      0.000000
HSUE 202201011600      751.9313        4.711360   1708.670044   1685.700073   1716.421631     -7.751587      4.190000       0.15471     -1.199269      0.648246      0.000000
HSUE 202201011630      752.0184        3.845699   1694.510010   1685.700073   1716.620483    -22.110474      4.070000       0.15439     -3.413593      0.628359      0.000000
HSUE 202201011700      752.1055        2.980038   1717.530029   1685.700073   1716.819336      0.710693      3.790000       0.15406      0.109492      0.583900      0.000000
HSUE 202201011730      752.2142        2.894499   1705.450073   1685.700073   1717.067383    -11.617310      3.750000       0.15403     -1.789430      0.577617      0.000000
HSUE 202201011800      752.3229        2.808960   1731.829956   1685.700073   1717.315430     14.514526      4.250000       0.15400      2.235226      0.654497      0.000000
HSUE 202201011830      752.5529        2.922105   1709.890015   1685.700073   1717.840576     -7.950562      3.900000       0.15404     -1.224718      0.600763      0.000000
HSUE 202201011900      752.7830        3.035250   1711.280029   1685.700073   1718.365723     -7.085693      4.390000       0.15408     -1.091793      0.676429      0.000000
HSUE 202201011930      752.7192        3.624992   1711.369995   1685.700073   1718.220215     -6.850220      3.480000       0.15431     -1.057025      0.536982      0.000000
HSUE 202201012000      752.6555        4.214734   1694.919922   1685.700073   1718.074707    -23.154785      3.990000       0.15453     -3.578027      0.616561      0.000000
HSUE 202201012030      752.4764        4.354877   1706.089966   1685.700073   1717.666016    -11.576050      4.770000       0.15458     -1.789415      0.737342      0.000000
HSUE 202201012100      752.2974        4.495021   1716.809937   1685.700073   1717.257324     -0.447388      5.870000       0.15463     -0.069180      0.907687      0.000000
HSUE 202201012130      752.2126        4.600053   1719.969971   1685.700073   1717.063599      2.906372      3.340000       0.15467      0.449531      0.516601      0.000000
HSUE 202201012200      752.1277        4.705084   1697.890015   1685.700073   1716.869995    -18.979980      4.060000       0.15471     -2.936400      0.628124      0.000000
HSUE 202201012230      751.9799        4.487954   1718.770020   1685.700073   1716.532471      2.237549      4.570000       0.15463      0.345990      0.706654      0.000000
HSUE 202201012300      751.8320        4.270823   1713.700073   1685.700073   1716.194946     -2.494873      4.450000       0.15455     -0.385576      0.687736      0.000000
HSUE 202201012330      751.8384        4.056215   1697.450073   1685.700073   1716.209473    -18.759399      4.200000       0.15447     -2.897709      0.648761      0.000000
HSUE 202201020000      751.8448        3.841607   1692.660034   1685.700073   1716.224243    -23.564209      7.490000       0.15439     -3.637997      1.156355      0.000000
